0 rgba(0.105882354, 0.16470589, 0.20392157, 0)
1 rgba(0.11764706, 0.3529412, 0.65882355, 0)
2 rgba(0, 0.52156866, 0.16862746, 0)
3 rgba(0.023529412, 0.6156863, 0.62352943, 0)
4 rgba(0.7058824, 0, 0, 0)
5 rgba(0.827451, 0.20784314, 0.6156863, 0)
6 rgba(0.32941177, 0.2, 0.14117648, 0)
7 rgba(0.5411765, 0.57254905, 0.5529412, 0)
8 rgba(0.32941177, 0.34901962, 0.33333334, 0)
9 rgba(0.5921569, 0.79607844, 0.8509804, 0)
10 rgba(0.34509805, 0.67058825, 0.25490198, 0)
11 rgba(0, 0.6666667, 0.6431373, 0)
12 rgba(0.9411765, 0.42745098, 0.38039216, 0)
13 rgba(0.9647059, 0.6627451, 0.73333335, 0)
14 rgba(0.98039216, 0.78431374, 0.039215688, 0)
15 rgba(0.95686275, 0.95686275, 0.95686275, 0)
17 rgba(0.6784314, 0.8509804, 0.65882355, 0)
18 rgba(1, 0.8392157, 0.49803922, 0)
19 rgba(0.6901961, 0.627451, 0.43529412, 0)
20 rgba(0.6862745, 0.74509805, 0.8392157, 0)
22 rgba(0.40392157, 0.12156863, 0.5058824, 0)
23 rgba(0.05490196, 0.24313726, 0.6039216, 0)
25 rgba(0.8392157, 0.4745098, 0.13725491, 0)
26 rgba(0.5647059, 0.12156863, 0.4627451, 0)
27 rgba(0.64705884, 0.7921569, 0.09411765, 0)
28 rgba(0.5372549, 0.49019608, 0.38431373, 0)
29 rgba(1, 0.61960787, 0.8039216, 0)
30 rgba(0.627451, 0.43137255, 0.7254902, 0)
31 rgba(0.8039216, 0.6431373, 0.87058824, 0)
68 rgba(0.99215686, 0.7647059, 0.5137255, 0)
69 rgba(0.5411765, 0.07058824, 0.65882355, 0)
70 rgba(0.37254903, 0.19215687, 0.03529412, 0)
71 rgba(0.5882353, 0.5882353, 0.5882353, 0)
72 rgba(0.39215687, 0.39215687, 0.39215687, 0)
73 rgba(0.4509804, 0.5882353, 0.78431374, 0)
74 rgba(0.49803922, 0.76862746, 0.45882353, 0)
77 rgba(0.99607843, 0.8, 0.8117647, 0)
78 rgba(1, 0.7882353, 0.58431375, 0)
84 rgba(0.6666667, 0.49019608, 0.33333334, 0)
85 rgba(0.26666668, 0.101960786, 0.5686275, 0)
86 rgba(0.6784314, 0.38039216, 0.2509804, 0)
89 rgba(0.10980392, 0.34509805, 0.654902, 0)
92 rgba(0.73333335, 0.5019608, 0.3529412, 0)
100 rgba(0.9764706, 0.7176471, 0.64705884, 0)
110 rgba(0.14901961, 0.27450982, 0.6039216, 0)
112 rgba(0.28235295, 0.38039216, 0.6745098, 0)
115 rgba(0.7176471, 0.83137256, 0.14509805, 0)
118 rgba(0.6117647, 0.8392157, 0.8, 0)
120 rgba(0.87058824, 0.91764706, 0.57254905, 0)
125 rgba(0.9764706, 0.654902, 0.46666667, 0)
128 rgba(0.6784314, 0.38039216, 0.2509804, 0)
151 rgba(0.78431374, 0.78431374, 0.78431374, 0)
191 rgba(0.9882353, 0.6745098, 0, 0)
212 rgba(0.6156863, 0.7647059, 0.96862745, 0)
216 rgba(0.5294118, 0.16862746, 0.09019608, 0)
218 rgba(0.5568628, 0.33333334, 0.5921569, 0)
219 rgba(0.3372549, 0.30588236, 0.6156863, 0)
226 rgba(1, 0.9254902, 0.42352942, 0)
232 rgba(0.46666667, 0.7882353, 0.84705883, 0)
272 rgba(0.09803922, 0.19607843, 0.3529412, 0)
288 rgba(0, 0.27058825, 0.101960786, 0)
295 rgba(1, 0.5803922, 0.7607843, 0)
308 rgba(0.20784314, 0.12941177, 0, 0)
313 rgba(0.67058825, 0.8509804, 1, 0)
320 rgba(0.44705883, 0, 0.07058824, 0)
321 rgba(0.27450982, 0.60784316, 0.7647059, 0)
322 rgba(0.40784314, 0.7647059, 0.8862745, 0)
323 rgba(0.827451, 0.9490196, 0.91764706, 0)
326 rgba(0.8862745, 0.9764706, 0.6039216, 0)
330 rgba(0.46666667, 0.46666667, 0.30588236, 0)
335 rgba(0.53333336, 0.3764706, 0.36862746, 0)
351 rgba(0.96862745, 0.52156866, 0.69411767, 0)
353 rgba(1, 0.42745098, 0.46666667, 0)
366 rgba(0.84705883, 0.42745098, 0.17254902, 0)
373 rgba(0.45882353, 0.39607844, 0.49019608, 0)
378 rgba(0.4392157, 0.5568628, 0.4862745, 0)
379 rgba(0.4392157, 0.5058824, 0.6039216, 0)
450 rgba(0.8235294, 0.46666667, 0.26666668, 0)
462 rgba(0.9607843, 0.5254902, 0.14117648, 0)
484 rgba(0.5686275, 0.3137255, 0.10980392, 0)
503 rgba(0.7372549, 0.7058824, 0.64705884, 0)
507 rgba(0.98039216, 0.6117647, 0.10980392, 0)
508 rgba(1, 0.5019608, 0.078431375, 0)
509 rgba(0.8117647, 0.5411765, 0.2784314, 0)
510 rgba(0.47058824, 0.9882353, 0.47058824, 0)
33 rgba(0, 0.1254902, 0.627451, 0.5019608)   
34 rgba(0.13725491, 0.47058824, 0.25490198, 0.5019608)   
35 rgba(0.3372549, 0.9019608, 0.27450982, 0.5019608)   
36 rgba(0.7882353, 0.101960786, 0.03529412, 0.5019608)   
37 rgba(0.8745098, 0.4, 0.58431375, 0.5019608)   
38 rgba(1, 0.5019608, 0.050980393, 0.5019608)   
39 rgba(0.75686276, 0.8745098, 0.9411765, 0.5019608)   
40 rgba(0.3882353, 0.37254903, 0.32156864, 0.5019608)   
41 rgba(0.33333334, 0.6039216, 0.7176471, 0.5019608)   
42 rgba(0.7529412, 1, 0, 0.5019608)   
43 rgba(0.68235296, 0.9137255, 0.9372549, 0.5019608)   
44 rgba(0.5882353, 0.4392157, 0.62352943, 0.5019608)   
45 rgba(0.9882353, 0.5921569, 0.6745098, 0.5019608)   
46 rgba(0.9607843, 0.8039216, 0.18431373, 0.5019608)   
47 rgba(0.9882353, 0.9882353, 0.9882353, 0.5019608)   
52 rgba(0.64705884, 0.64705884, 0.79607844, 0.5019608)   
54 rgba(0.85490197, 0.6901961, 0, 0.5019608)   
57 rgba(0.9411765, 0.56078434, 0.10980392, 0.5019608)   
231 rgba(0.9882353, 0.7176471, 0.42745098, 0.5019608)   
234 rgba(0.9843137, 0.9098039, 0.5647059, 0.5019608)   
284 rgba(0.7607843, 0.5058824, 0.64705884, 0.5019608)   
285 rgba(0.49019608, 0.7607843, 0.5686275, 0.5019608)   
293 rgba(0.41960785, 0.67058825, 0.89411765, 0.5019608)   
334 rgba(0.8745098, 0.75686276, 0.4627451, 0)                               CHROME
383 rgba(0.80784315, 0.80784315, 0.80784315, 0)                               CHROME
60 rgba(0.39215687, 0.3529412, 0.29803923, 0)                               CHROME
64 rgba(0.105882354, 0.16470589, 0.20392157, 0)                               CHROME
61 rgba(0.42352942, 0.5882353, 0.7490196, 0)                               CHROME
62 rgba(0.23529412, 0.7019608, 0.44313726, 0)                               CHROME
63 rgba(0.6666667, 0.3019608, 0.5568628, 0)                               CHROME
183 rgba(0.9647059, 0.9490196, 0.8745098, 0)                               PEARLESCENT
150 rgba(0.59607846, 0.60784316, 0.6, 0)                               PEARLESCENT
135 rgba(0.627451, 0.627451, 0.627451, 0)                               PEARLESCENT
179 rgba(0.5372549, 0.5294118, 0.53333336, 0)                               PEARLESCENT
148 rgba(0.28235295, 0.3019608, 0.28235295, 0)                               PEARLESCENT
137 rgba(0.35686275, 0.45882353, 0.5647059, 0)                               PEARLESCENT
142 rgba(0.87058824, 0.6745098, 0.4, 0)                               PEARLESCENT
297 rgba(0.6666667, 0.49803922, 0.18039216, 0)                               PEARLESCENT
178 rgba(0.5137255, 0.44705883, 0.30980393, 0)                               PEARLESCENT
134 rgba(0.4627451, 0.3019608, 0.23137255, 0)                               PEARLESCENT
189 rgba(0.6745098, 0.50980395, 0.2784314, 0)                               PEARLESCENT
80 rgba(0.4627451, 0.4627451, 0.4627451, 0)                               METAL
81 rgba(0.41568628, 0.4745098, 0.26666668, 0)                               METAL
82 rgba(0.85882354, 0.6745098, 0.20392157, 0)                               METAL
83 rgba(0.039215688, 0.07450981, 0.15294118, 0)                               METAL
87 rgba(0.42745098, 0.43137255, 0.36078432, 0)                               METAL
300 rgba(0.7607843, 0.49803922, 0.3254902, 0)                               METAL
184 rgba(0.8392157, 0, 0.14901961, 0)                               METAL
186 rgba(0, 0.5568628, 0.23529412, 0)                               METAL
79 rgba(0.93333334, 0.93333334, 0.93333334, 0.9411765)   
21 rgba(0.8784314, 1, 0.6901961, 0.9411765)      LUMINANCE 15
294 rgba(0.7411765, 0.7764706, 0.6784314, 0.9411765)      LUMINANCE 15
329 rgba(0.9607843, 0.9529412, 0.84313726, 0.9411765)      LUMINANCE 15
114 rgba(0.8745098, 0.4, 0.58431375, 0.5019608)                      MATERIAL GLITTER VALUE rgba(0.57254905, 0.22352941, 0.47058824, 0.5019608) FRACTION 0.17 VFRACTION 0.2 SIZE 1
117 rgba(0.93333334, 0.93333334, 0.93333334, 0.5019608)                      MATERIAL GLITTER VALUE rgba(1, 1, 1, 0.5019608) FRACTION 0.08 VFRACTION 0.1 SIZE 1
129 rgba(0.39215687, 0, 0.38039216, 0.5019608)                      MATERIAL GLITTER VALUE rgba(0.54901963, 0, 1, 0.5019608) FRACTION 0.3 VFRACTION 0.4 SIZE 1
302 rgba(0.68235296, 0.9137255, 0.9372549, 0.5019608)                      MATERIAL GLITTER VALUE rgba(0.57254905, 0.22352941, 0.47058824, 0.5019608) FRACTION 0.17 VFRACTION 0.2 SIZE 1
339 rgba(0.7529412, 1, 0, 0.5019608)                      MATERIAL GLITTER VALUE rgba(0.57254905, 0.22352941, 0.47058824, 0.5019608) FRACTION 0.17 VFRACTION 0.2 SIZE 1 
132 rgba(0, 0, 0, 0)                               MATERIAL SPECKLE VALUE rgba(0.5372549, 0.5294118, 0.53333336, 0) FRACTION 0.4 MINSIZE 1 MAXSIZE 3
133 rgba(0, 0, 0, 0)                               MATERIAL SPECKLE VALUE rgba(0.85882354, 0.6745098, 0.20392157, 0) FRACTION 0.4 MINSIZE 1 MAXSIZE 3
75 rgba(0, 0, 0, 0)                               MATERIAL SPECKLE VALUE rgba(0.67058825, 0.3764706, 0.21960784, 0) FRACTION 0.4 MINSIZE 1 MAXSIZE 3
76 rgba(0.3882353, 0.37254903, 0.38039216, 0)                               MATERIAL SPECKLE VALUE rgba(0.5372549, 0.5294118, 0.53333336, 0) FRACTION 0.4 MINSIZE 1 MAXSIZE 3
65 rgba(0.98039216, 0.78431374, 0.039215688, 0)                               RUBBER
66 rgba(0.9607843, 0.8039216, 0.18431373, 0.5019608)                      RUBBER
67 rgba(0.9882353, 0.9882353, 0.9882353, 0.5019608)                      RUBBER
256 rgba(0.105882354, 0.16470589, 0.20392157, 0)                               RUBBER
273 rgba(0.11764706, 0.3529412, 0.65882355, 0)                               RUBBER
324 rgba(0.7058824, 0, 0, 0)                               RUBBER
350 rgba(0.8392157, 0.4745098, 0.13725491, 0)                               RUBBER
375 rgba(0.5411765, 0.57254905, 0.5529412, 0)                               RUBBER
406 rgba(0.09803922, 0.19607843, 0.3529412, 0)                               RUBBER
449 rgba(0.40392157, 0.12156863, 0.5058824, 0)                               RUBBER
490 rgba(0.64705884, 0.7921569, 0.09411765, 0)                               RUBBER
496 rgba(0.5882353, 0.5882353, 0.5882353, 0)                               RUBBER
504 rgba(0.5372549, 0.5294118, 0.53333336, 0)                               RUBBER
511 rgba(0.95686275, 0.95686275, 0.95686275, 0)                               RUBBER
10002 rgba(0.34509805, 0.67058825, 0.25490198, 0)                               RUBBER
10026 rgba(0.5647059, 0.12156863, 0.4627451, 0)                               RUBBER
10030 rgba(0.627451, 0.43137255, 0.7254902, 0)                               RUBBER
10031 rgba(0.8039216, 0.6431373, 0.87058824, 0)                               RUBBER
10070 rgba(0.37254903, 0.19215687, 0.03529412, 0)                               RUBBER
10226 rgba(1, 0.9254902, 0.42352942, 0)                               RUBBER
10308 rgba(0.20784314, 0.12941177, 0, 0)                               RUBBER
10320 rgba(0.44705883, 0, 0.07058824, 0)                               RUBBER
10321 rgba(0.27450982, 0.60784316, 0.7647059, 0)                               RUBBER
10322 rgba(0.40784314, 0.7647059, 0.8862745, 0)                               RUBBER
10323 rgba(0.827451, 0.9490196, 0.91764706, 0)                               RUBBER
10484 rgba(0.5686275, 0.3137255, 0.10980392, 0)                               RUBBER
16 rgba(1, 1, 0.5019608, 0)
24 rgba(0.49803922, 0.49803922, 0.49803922, 0)
32 rgba(0, 0, 0, 0.8235294)   
493 rgba(0.39607844, 0.40392157, 0.38039216, 0)                               METAL
494 rgba(0.8156863, 0.8156863, 0.8156863, 0)                               METAL
495 rgba(0.68235296, 0.47843137, 0.34901962, 0)                               METAL
10047 rgba(1, 1, 1, 0.0627451)   
